27.36
83,274
28.64
3,166,079
100
9 ก.ย.2567
72.64
207,436
71.36
8,637,397
100
26.62
78,580
26.49
2,964,757 
100
20 ธ.ค. 2566
73.38
218,051
73.51
8,479,426 
100
47.4
75,978
2.737
2,775,879
100
14 ธ.ค. 2565
45.76
219,433
2.758
7,955,809
100
24.64
1,325,621
50.27
2,636,970
100
24 ธ.ค. 2564
19.42 
4,795,848
59.73
8,029,397
100
28.99
1,031,341
42.03
2,454,025 
100
24 W.ย. 2563
20.14
4,865,860
58.64
8,297,516
100
30.76
1,031,341
38.52
2,677,682
100
13 ธ.ค. 2562
22.08
4,626,563
55.04
8,405,435
100
33.16
860,665
33.29
2,585,556
100
9 ต.ค. 2561
24.83
4,156,159
50.97
8,154,649
100
35.47
714,320
277
2,577,938 
100
7 ธ.ค. 2560
26.53
3,942,056
47.18
8,355,553
100
40.47
89,377
3.58
2,498,233
100
29 ธ.ค. 2559
34.01
1,068,488
13.03
8,200,309
100
44.13
364,119
14.99
2,428,961
100
5 พ.ย. 2558
32.23
2,829,118
35.6
7,947,693
100
45.39
314,091
13.38
2,348,274
100
13 ต.ค. 2557
32.49
2,748,592
35.41
7,762,670
100
46.83
273,973
12.25
2,235,918
100
11 พ.ย. 2556
33.12
2,610,969
34.41
7,585,792
100
41.16
114,185
5.57
2,046,704
100
11 มี.ค. 2555
50.05
210,051
2.81
7,462,819
100
40.3
103,937
4.98
086. 816
100
22 พ.ย. 2554
51
105,982
1.45
7.318,464
100
39.06
168,890
8.31
2,031,387
100
18 ต.ค. 2553
48.88
322,765
4.52
7,141,019
100
41.64
120,169
5.65
2,126,233
100
19 ต.ค. 2552
50.45
113,777
1.49 
7,658,642
100
53.17
1,963,251
100
103,217
5.26
26 พ.ย. 2551
49.15
576
0.01
7,153,020
100
55.06
58,497
3.63
1,612,966
100
29 พ.ย. 2550
39.7
1,512,503
20.96
7,214,694
100
54.34
60,050
3.77
1,592,228
100
12 ม.ค. 2549
43.9
842,722
13.16
6,403,567
100
53.67
65,081
4.11
1,583,423
100
16 ม.ค. 2548
50.33
18,415
0.33
5,522,694
100
51.97
104,489
6.92
1,510,521
100
20 ธ.ค. 2547
47.18
328,485
6.26
5,250,806
100