ภ.ง.ด 90
1,593,243
26.26
1,489,562
2566
ภ.ง.ด91
4,474,722
73.74
3,955,199
ภ.ง.ด 90
1,480,232
25.24
1,405,945
2565
ภ.ง.ด91
4,385,231
74.76
3,876,144
ภ.ง.ด90
1,384,174
49.86
1,315,727
2564
ภ.ง.ด91
4,096,017
51.48
3,640,359
ภ.ง.ด 90
661,639
25.09
649,710
2563
ภ.ง.ด 91
1,674,488
20.85
1,559,061
ภ.ง.ด9o
71,265
28.98
711,419
2562
ภ.ง.ด91
1,760,855
21.22
1,670,801
ภ.ง.ด 90
822,786
30.73
823,555
2561
ภ.ง.ด91
1,923,280
22.88
1,855,592
ภ.ง.ด 90
867,510
33.55
857,381
2560
ภ.ง.ด 91
1,973,782
24.2
2,024,708
ภ.ง.ด9o
949,226
36.82
914,392
2559
ภ.ง.ด 91
2,196,978
26.29
2,216,519
ภ.ง.ด90
1,397,908
55.96
1,010,948
2558
ภ.ง.ด 91
4,342,900
52.96
2,788,921
ภ.ง.ด 90
992,929
40.88
1,071,913
2557
ภ.ง.ด 91
2,557,081
32.17
2,561,494
ภ.ง.ด9o
968,308
41.23
1,065,875
2556
ภ.ง.ด91
2,491,723 
32.1
2,522,355
ภ.ง.ด 90
914,818
40.92
1,047,127
2555
ภ.ง.ด91
2,462,768
32.47
2,512,055
ภ.ง.ด 90
1,090,178
53.27
842,341
2554
ภ.ง.ด91
3,518,245
47.14
3,734,523
ภ.ง.ด 9o
1,141,953
54.72
840,926
2553
ภ.ง.ด91
3,479,974
47.55
3,732,508
ภ.ง.ด90
1,068,950
52.62
793,547
2552
ภ.ง.ด91
3,327,739
46.6
3,490,515
ภ.ง.ด 90
1,120,725
52.71
885,339
2551
ภ.ง.ด 91
3,681,450
48.07
3,863,415
ภ.ง.ด9o
816,170
41.57
1,043,864
2550
ภ.ง.ด91
3,636,880
50.84
3,515,564
ภ.ง.ด 90
666,326
41.31
888,143
2549
ภ.ง.ด91
2,837,605
39.33
2,864,586
ภ.ง.ด90
666,492
41.89
865,236
2548
ภ.ง.ด 91
2,749,954
42.94
2,810,891
ภ.ง.ด 90
668,584
42.22
849,758
2547
ภ.ง.ด91
2,724,462
49.33
2,779,817
ภ.ง.ด90
621,084
41.12
784,948
2546
ภ.ง.ด91
2,445,096
46.57
2,477,225